0.0
0.0
-4.659999831346795
-4.300000000512227
-37.68999999920197
-37.68999999920197
-21.619999870381434
-21.619999870381434
-20.799999902010313
-20.799999902010313
-18.490000002202578
-18.490000002202578
-18.490000002202578
-18.490000002202578
-2.1099999685247894
-2.269999868076411
-2.1099999685247894
-2.269999868076411
-14.19000000169035
-14.19000000169035
-14.289999853644986
-14.289999853644986
-14.19000000169035
-14.19000000169035
-14.289999853644986
-14.289999853644986
-5.859999873791821
-5.859999873791821
-5.549999968934571
-5.549999968934571
-5.859999873791821
-5.859999873791821
-5.549999968934571
-5.549999968934571
-16.819999927975005
-16.29999997021514
-16.819999927975005
-16.29999997021514
-16.819999927975005
-16.29999997021514
-16.819999927975005
-16.29999997021514
-18.879999970522476
-18.879999970522476
-18.879999970522476
-18.879999970522476
-18.859999954656814
-18.859999954656814
-18.859999954656814
-18.859999954656814
-31.990000024961773
-31.990000024961773
-31.94999999323045
-31.94999999323045
-31.990000024961773
-31.990000024961773
-31.94999999323045
-31.94999999323045
-6.83999996908824
-6.699999858028605
-6.83999996908824
-6.699999858028605
-6.83999996908824
-6.699999858028605
-6.83999996908824
-6.699999858028605
-3.5900000057154102
-3.5900000057154102
-3.5900000057154102
-3.5900000057154102
-3.2599998576188227
-3.2599998576188227
-3.2599998576188227
-3.2599998576188227
-23.359999886451988
-23.359999886451988
-23.97000002929417
-23.97000002929417
-23.359999886451988
-23.359999886451988
-23.97000002929417
-23.97000002929417
-10.389999943072326
-9.930000032909447
-10.389999943072326
-9.930000032909447
-10.389999943072326
-9.930000032909447
-10.389999943072326
-9.930000032909447
-8.510000043315813
-8.510000043315813
-8.510000043315813
-8.510000043315813
-8.569999863539124
-8.569999863539124
-8.569999863539124
-8.569999863539124
-36.539999882734264
-36.539999882734264
-36.44999992502562
-36.44999992502562
-36.539999882734264
-36.539999882734264
-36.44999992502562
-36.44999992502562
-3.5000000480067683
-4.419999868332525
-3.5000000480067683
-4.419999868332525
-3.5000000480067683
-4.419999868332525
-3.5000000480067683
-4.419999868332525
-0.5899998996028444
-0.5899998996028444
-0.5899998996028444
-0.5899998996028444
-0.35999983083456755
-0.35999983083456755
-0.35999983083456755
-0.35999983083456755
-2.6200000320386607
-3.989999868281302
-2.6200000320386607
-3.989999868281302
-0.6499999471998308
-0.6200000370881753
-0.6499999471998308
-0.6200000370881753
-33.219999977518455
-33.219999977518455
-33.219999977518455
-33.219999977518455
-4.589999889503815
-4.589999889503815
-4.589999889503815
-4.589999889503815
-33.33999984533875
-33.33999984533875
-33.58999992997269
-33.58999992997269
-7.919999916339293
-7.919999916339293
-8.429999979853164
-8.429999979853164
-13.299999864102574
-13.299999864102574
-13.84999995934777
-13.84999995934777
-13.299999864102574
-13.299999864102574
-13.84999995934777
-13.84999995934777
-25.13000004000787
-25.13000004000787
-27.749999844672857
-27.749999844672857
-25.13000004000787
-25.13000004000787
-27.749999844672857
-27.749999844672857
-10.810000048877555
-10.810000048877555
-9.739999995872495
-9.739999995872495
-10.810000048877555
-10.810000048877555
-9.739999995872495
-9.739999995872495
-2.27999998969608
-2.27999998969608
-2.3999998575163772
-2.3999998575163772
-2.27999998969608
-2.27999998969608
-2.3999998575163772
-2.3999998575163772
-26.48999998200452
-26.48999998200452
-25.769999865588034
-25.769999865588034
-26.48999998200452
-26.48999998200452
-25.769999865588034
-25.769999865588034
-4.399999852466863
-4.399999852466863
-3.3399999210814713
-3.3399999210814713
-4.399999852466863
-4.399999852466863
-3.3399999210814713
-3.3399999210814713
