-0.9499999578110874
-0.9499999578110874
-1.160000010713702
-1.249999968422344
-3.1600000056641875
-3.7500001326407073
-2.0700001641671406
-2.8199999633216066
-2.7300000056129647
-2.7200001113669714
-2.770000037344289
-2.570000106061343
-2.770000037344289
-2.570000106061343
-1.269999984288006
-0.9600000794307562
-1.269999984288006
-0.9600000794307562
-1.9999999949504854
-1.720000000204891
-2.27999998969608
-2.27999998969608
-1.9999999949504854
-1.720000000204891
-2.27999998969608
-2.27999998969608
-1.520000068921945
-1.5600001006532693
-1.5100001746759517
-1.5600001006532693
-1.520000068921945
-1.5600001006532693
-1.5100001746759517
-1.5600001006532693
-2.680000079635647
-1.2100001640646951
-2.6000000161729986
-2.640000047904323
-2.680000079635647
-1.2100001640646951
-2.6000000161729986
-2.640000047904323
-2.6699999580159783
-2.6699999580159783
-2.4900000425986946
-2.4900000425986946
-1.990000100704492
-1.990000100704492
-2.190000031987438
-2.190000031987438
-3.370000058566802
-3.690000085043721
-3.7400000110210385
-3.529999958118424
-3.370000058566802
-3.690000085043721
-3.7400000110210385
-3.529999958118424
-0.8600000001024455
-1.3999999737279722
-1.3799999578623101
-1.160000010713702
-0.8600000001024455
-1.3999999737279722
-1.3799999578623101
-1.160000010713702
-1.3999999737279722
-1.3999999737279722
-1.5299999631679384
-1.5299999631679384
-1.4700001429446274
-1.4700001429446274
-1.4300001112133032
-1.4300001112133032
-2.6699999580159783
-2.8500001008069376
-2.100000074278796
-2.7400001272326335
-2.6699999580159783
-2.8500001008069376
-2.100000074278796
-2.7400001272326335
-1.9599999632191611
-1.5299999631679384
-2.0500001483014785
-1.8200000795332016
-1.9599999632191611
-1.5299999631679384
-2.0500001483014785
-1.8200000795332016
-1.6799999684735667
-1.6799999684735667
-1.860000111264526
-1.860000111264526
-0.7000001005508238
-0.7000001005508238
-1.8400000953988638
-1.8400000953988638
-4.149999995206599
-3.6600001749320654
-3.94000016967766
-4.3200000163778896
-4.149999995206599
-3.6600001749320654
-3.94000016967766
-4.3200000163778896
-0.6899999789311551
-1.300000121773337
-1.300000121773337
-1.3500000477506546
-0.6899999789311551
-1.300000121773337
-1.300000121773337
-1.3500000477506546
-1.410000095347641
-1.410000095347641
-1.269999984288006
-1.269999984288006
0.0
0.0
-1.160000010713702
-1.160000010713702
-1.269999984288006
-1.2800001059076749
-1.269999984288006
-1.2800001059076749
-1.13999999484804
-1.2200000583106885
-1.13999999484804
-1.2200000583106885
-3.840000090349349
-3.999999989900971
-3.840000090349349
-3.999999989900971
-1.5299999631679384
-1.5100001746759517
-1.5299999631679384
-1.5100001746759517
-3.820000074483687
-3.480000032141106
-4.060000037497957
-3.910000032192329
-1.3100000160193304
-1.3799999578623101
-1.6500000583619112
-1.4400000054592965
-2.190000031987438
-2.080000058413134
-2.1200000901444582
-0.8600000001024455
-2.190000031987438
-2.080000058413134
-2.1200000901444582
-0.8600000001024455
-2.6699999580159783
-3.2699999792384915
-3.2100001590151805
-3.2699999792384915
-2.6699999580159783
-3.2699999792384915
-3.2100001590151805
-3.2699999792384915
-2.0899999526591273
-1.6400001641159179
-1.6799999684735667
-1.410000095347641
-2.0899999526591273
-1.6400001641159179
-1.6799999684735667
-1.410000095347641
-1.2400000741763506
-0.6500001745735062
-1.3999999737279722
-1.3100000160193304
-1.2400000741763506
-0.6500001745735062
-1.3999999737279722
-1.3100000160193304
-3.35000004270114
-2.539999968576012
-2.989999984492897
-3.0600001537095523
-3.35000004270114
-2.539999968576012
-2.989999984492897
-3.0600001537095523
-0.46000013753655367
-0.5199999577598646
-1.300000121773337
-1.030000021273736
-0.46000013753655367
-0.5199999577598646
-1.300000121773337
-1.030000021273736
