  k   q  MA Coeff.
  2  -2      +0.02
  2  -1          0
  2  +0      -3.13
  2  +1          0
  2  +2      +0.02
  4  -4      +0.01
  4  -3          0
  4  -2      +0.04
  4  -1          0
  4  +0      -0.13
  4  +1          0
  4  +2      +0.04
  4  +3          0
  4  +4      +0.01
  6  -6      +0.07
  6  -5          0
  6  -4      -0.01
  6  -3          0
  6  -2      -0.01
  6  -1          0
  6  +0      -0.09
  6  +1          0
  6  +2      -0.01
  6  +3          0
  6  +4      -0.01
  6  +5          0
  6  +6      +0.07
