  k   q  MA Const.
  2  -2          0
  2  -1      -0.53
  2  +0      +4.51
  2  +1          0
  2  +2      +0.05
  4  -4          0
  4  -3      +1.53
  4  -2          0
  4  -1      +1.22
  4  +0      -2.73
  4  +1          0
  4  +2      +0.17
  4  +3          0
  4  +4      -0.03
  6  -6          0
  6  -5      +0.05
  6  -4          0
  6  -3      -1.11
  6  -2          0
  6  -1      -1.40
  6  +0      +1.37
  6  +1          0
  6  +2      -0.24
  6  +3          0
  6  +4      +0.05
  6  +5          0
  6  +6      +0.07
