-81.52999998856103
-81.52999998856103
-81.52999998856103
-81.52999998856103
0.0
-0.049999925977317616
-40.9399999625748
-40.720000015426194
-40.9399999625748
-40.720000015426194
-40.9399999625748
-40.720000015426194
-40.9399999625748
-40.720000015426194
-82.06999996218656
-82.06999996218656
-82.06999996218656
-82.06999996218656
-54.36999981611734
-54.5499999589083
-54.36999981611734
-54.5499999589083
-54.36999981611734
-54.5499999589083
-54.36999981611734
-54.5499999589083
-73.81000000350468
-73.64999987657939
-73.81000000350468
-73.64999987657939
-73.81000000350468
-73.64999987657939
-73.81000000350468
-73.64999987657939
-44.79999984141614
-44.79999984141614
-44.79999984141614
-44.79999984141614
-44.79999984141614
-44.79999984141614
-44.79999984141614
-44.79999984141614
-44.79999984141614
-44.79999984141614
-44.79999984141614
-44.79999984141614
-44.79999984141614
-44.79999984141614
-44.79999984141614
-44.79999984141614
-13.749999880019459
-13.760000001639128
-13.749999880019459
-13.760000001639128
-13.749999880019459
-13.760000001639128
-13.749999880019459
-13.760000001639128
-74.60999995601014
-74.60999995601014
-74.75999996131577
-74.75999996131577
-74.60999995601014
-74.60999995601014
-74.75999996131577
-74.75999996131577
-74.60999995601014
-74.60999995601014
-74.75999996131577
-74.75999996131577
-74.60999995601014
-74.60999995601014
-74.75999996131577
-74.75999996131577
-32.250000003841706
-32.250000003841706
-32.250000003841706
-32.250000003841706
-32.250000003841706
-32.250000003841706
-32.250000003841706
-32.250000003841706
-65.49999989147182
-65.49999989147182
-65.53000002895715
-65.53000002895715
-65.49999989147182
-65.49999989147182
-65.53000002895715
-65.53000002895715
-65.49999989147182
-65.49999989147182
-65.53000002895715
-65.53000002895715
-65.49999989147182
-65.49999989147182
-65.53000002895715
-65.53000002895715
-3.41999998454412
-2.8199999633216066
-3.41999998454412
-2.8199999633216066
-3.41999998454412
-2.8199999633216066
-3.41999998454412
-2.8199999633216066
-80.41000000957865
-80.41000000957865
-80.26999989851902
-80.26999989851902
-80.41000000957865
-80.41000000957865
-80.26999989851902
-80.26999989851902
-80.41000000957865
-80.41000000957865
-80.26999989851902
-80.26999989851902
-80.41000000957865
-80.41000000957865
-80.26999989851902
-80.26999989851902
-81.70999990397831
-81.70999990397831
-81.70999990397831
-81.70999990397831
-81.70999990397831
-81.70999990397831
-81.70999990397831
-81.70999990397831
-9.849999969446799
-9.789999921849812
-9.849999969446799
-9.789999921849812
-72.06999998743413
-71.68999991336023
-72.06999998743413
-71.68999991336023
-9.849999969446799
-9.789999921849812
-9.849999969446799
-9.789999921849812
-72.06999998743413
-71.68999991336023
-72.06999998743413
-71.68999991336023
-59.09999981668079
-58.52999993294361
-59.09999981668079
-58.52999993294361
-59.09999981668079
-58.52999993294361
-59.09999981668079
-58.52999993294361
-23.529999907623278
-24.55000003465102
-23.529999907623278
-24.55000003465102
-23.529999907623278
-24.55000003465102
-23.529999907623278
-24.55000003465102
-59.09999981668079
-58.52999993294361
-59.09999981668079
-58.52999993294361
-59.09999981668079
-58.52999993294361
-59.09999981668079
-58.52999993294361
-79.48999996187922
-79.46999994601356
-79.48999996187922
-79.46999994601356
-79.48999996187922
-79.46999994601356
-79.48999996187922
-79.46999994601356
-23.529999907623278
-24.55000003465102
-23.529999907623278
-24.55000003465102
-23.529999907623278
-24.55000003465102
-23.529999907623278
-24.55000003465102
-79.48999996187922
-79.46999994601356
-79.48999996187922
-79.46999994601356
-79.48999996187922
-79.46999994601356
-79.48999996187922
-79.46999994601356
